Accuracy for the decision tree
1. Geometric - 40
2. Audio(MFCC + eGeMAPS) - 32
3. Joined(MFCC + eGeMAPS + Geometric) - 33

prediction(Geometric)
[3. 2. 2. 1. 2. 2. 3. 3. 2. 2. 2. 2. 2. 1. 2. 2. 3. 3. 2. 1. 1. 1. 3. 2.
 2. 2. 2. 1. 3. 2. 3. 3. 3. 1. 1. 1. 1. 3. 3. 3. 2. 3. 2. 1. 2. 3. 3. 2.
 1. 3. 3. 3. 3. 2.]




prediction(Audio - MFCC + eGeMAPS)
[1. 2. 1. 2. 1. 1. 1. 2. 1. 2. 1. 1. 2. 1. 2. 1. 1. 1. 1. 2. 1. 1. 1. 3.
 1. 2. 1. 1. 2. 2. 1. 3. 2. 2. 3. 1. 2. 2. 3. 2. 3. 1. 1. 1. 2. 2. 1. 2.
 1. 2. 2. 2. 1. 3.]


prediction(geometric regressor ymrs)
[15.  0. 14. 18.  6. 16. 13. 11. 35.  2.  1. 14.  0.  2. 15.  2.  1.  5.
  9. 14. 35. 24. 13.  3.  0. 16.  0. 18.  2.  5. 19.  6. 23.  5.  3.  1.
 21.  0. 28.  4.  0.  8. 17.  0. 19. 27.  0.  3. 18.  6. 20. 27.  6. 14.]


prediction(geometric regression - 1/2/3)
[2, 1, 2, 2, 1, 2, 2, 2, 3, 1, 1, 2, 1, 1, 2, 1, 1, 1, 2, 2, 3, 3, 2, 1, 
 1, 2, 1, 2, 1, 1, 2, 1, 3, 1, 1, 1, 3, 1, 3, 1, 1, 2, 2, 1, 2, 3, 1, 1,
 2, 1, 3, 3, 1, 2]



ELMS
1. MFCC = 41


PLS on MFCC only on dev-
35% with number of components = 2

Random Forest on MFCC only on dev
45% with max_depth = 2 and random_state = 20

SVM
geometric(binary) = 71.667
geometric(all three) = 43.667
geometric(10-fold) = 40
geometric(binary 10 fold) = 56.667
geometric(linear,least_square) = 53.33

svm - label on geometric test(linear,least_square)--

2     2     1     1     3     1     3     2     2     1     2     3     2     2     1     1     3     3     2     2     2     2     2     3     2
2     1     2     3     2     2     1     3     2     1     1     1     3     3     1     3     3     3     2     3     1     3     2     1     1
3     3     1     1


Window - elms pls
concatenate the windows
deep spectrum
misvm

pls
geometric test pls
[2, 2, 2, 2, 2, 3, 2, 3, 2, 2, 2, 2, 2, 2, 2, 2, 2, 2, 2, 1, 2, 2, 2, 2, 2, 2, 2, 2, 2, 2, 2, 2, 3, 2, 1, 2, 2, 2, 3, 2, 2, 2, 2, 2, 2, 2, 2, 2, 1, 2, 3, 3, 2, 2] components = 2
[2, 2, 1, 3, 3, 1, 2, 1, 3, 1, 1, 2, 2, 2, 2, 2, 2, 3, 2, 1, 3, 2, 2, 2, 2, 2, 1, 1, 3, 2, 2, 2, 3, 3, 1, 2, 2, 2, 3, 1, 3, 3, 2, 2, 1, 2, 3, 2, 1, 1, 3, 3, 1, 1] components = 11


Dev of pls geometric - accuracy(60%)


Random forest multiclass (Audio)
accuracy = 45.0   max_depth = 7   random = 16


Random forest multiclass (Video)
accuracy = 20.0   max_depth = 6   random = 17


misvm of geometric - 37%




prediction (considering both dev and train as training data)
[3, 2, 2, 2, 2, 2, 2, 2, 2, 2, 2, 2, 2, 2, 2, 2, 2, 2, 2, 2, 2, 2, 2, 2, 2, 2, 2, 2, 2, 2, 2, 2, 3, 2, 2, 2, 2, 2, 2, 2, 2, 2, 2, 2, 2, 2, 2, 2, 2, 2, 3, 3, 2, 2] comp=2
[3, 3, 2, 2, 3, 1, 1, 1, 2, 1, 2, 3, 2, 1, 1, 2, 2, 3, 2, 1, 3, 2, 2, 2, 3, 2, 1, 2, 3, 3, 2, 2, 3, 3, 1, 2, 2, 2, 3, 1, 2, 2, 1, 1, 1, 2, 3, 3, 1, 1, 2, 3, 1, 2] comp=11



Augumented Train data(geometric) passed through pls
Accuracy on Dev - 60% with number of components = 12
Augmented on Dev with random forest = 48.33 - index=3 index1=21 

Prediction of test(geometric) using augmented (train +dev ) as trainer 
[3, 3, 2, 2, 3, 1, 2, 1, 3, 1, 2, 3, 3, 1, 2, 2, 2, 3, 2, 1, 3, 3, 2, 2, 3, 2, 1, 2, 3, 3, 2, 2, 3, 3, 2, 2, 3, 2, 3, 1, 2, 3, 1, 2, 1, 2, 3, 3, 1, 1, 2, 3, 1, 2]


stacked
Random forest (65 training data) - 43.58% on index=4 and index2=16
pls = 48.71 - no of components = 16
random forest output on dev trained with augumented 638 train data : 
[ 8.05156223  9.99513845 23.29257955 17.17290837 18.19491814 19.87257955
 12.56176037 25.22279413  8.79191883  5.0144713  10.36712342 10.83437756
 22.80142129 18.89216358 22.77700811 15.83468916  6.04768806 18.37070489
 10.83437756 23.01827142 10.20737563 22.03511655  3.74656223  8.042474
  3.74656223 19.63905674 22.30242883 19.17115082 19.17869402 27.13612747
 20.82960369 23.57083037 22.17757582 11.09550483 13.29366305  3.74656223
 17.89596952 11.68227114 12.51715696 19.32812708  3.95407436 20.69590711
  5.0144713  10.11645781 21.34670989 20.84411644  5.27700883  3.74656223
  3.74656223 18.94552427 26.23423187  3.74656223  3.74656223  6.69708459
 20.70885442 21.92213428 26.54533817 22.41030445  3.74656223 16.73731094]

pls output on dev data trained with 638 augumented data:
18.0209296, 3.21244621, 34.4827670,-6.92075518,15.5871274,-5.62741440,315260745,7.16593246,32.4168529,26.4272804,22.8432370,14.6131425,4.24406540,42.6185231,8.07615341,22.2345849,37.0564510,31.7948245,11.5017289,30.8918608,
5.13257487,7.89537382,-1.34784823,-0.190901668,16.2787529,-3.53020180,16.8372842,12.2417605,49.9028869,30.5852583,40.1680892,-1.91575931,22.8793930,1.41976547,18.9798161,32.7408356,6.98544961,21.1964234
4.06773012,33.4658454,-4.74560389,10.9668137,24.9373683,12.7500161,45.9460743,16.1077421,-2.51935754,-11.5144922,-17.5285431,-0.907464807,42.2506191,17.1552503,3.92250650,16.2287319,24.5991034, 20.3550297,14.8162443,20.4208962,12.3482698,5.16899441

-------------------------------------------------------------------------------------------

Taking 3 window out of a single video with 25% overlap-

Accuracy on pls - 46.666

Accuracy on rf - 48.33

When trained on (train+dev)-labels of geometric test data: Random Forest with (6,9)
[3, 2, 2, 2, 2, 2, 1, 2, 3, 1, 2, 3, 2, 1, 2, 2, 2, 2, 2, 2, 2, 2, 2, 2, 3, 2, 2, 2, 2, 2, 2, 2, 3, 2, 2, 2, 1, 2, 2, 1, 3, 2, 1, 2, 2, 2, 2, 2, 2, 2, 3, 3, 1, 2]


When tested on multiple window dev data : Accuracy -  46.666
2, 2, 2, 2, 2, 2, 2, 2, 3, 2, 2, 2, 2, 3, 2, 2, 2, 2, 2, 2, 2, 2, 1, 2, 2, 2, 3, 2, 2, 2, 2, 2, 2, 2, 2, 2, 2, 2, 2, 3, 2, 2, 2, 2, 3, 2, 2, 2, 2, 3, 3, 2, 1, 2, 2, 2, 2, 2, 2, 1

----------------------------------------------

Elms on 2 window - accuracy - 45% on number of components=3
[[10.91560477]
 [18.321511  ]
 [19.78066034]
 [16.07480092]
 [11.83173183]
 [ 3.57899512]
 [ 0.27258807]
 [35.36914684]
 [28.91012584]
 [13.73355843]
 [12.3725035 ]
 [14.41962914]
 [12.64510662]
 [27.53071708]
 [16.21968046]
 [15.3707657 ]
 [20.80075364]
 [ 8.05629451]
 [16.3670193 ]
 [ 6.5805354 ]
 [16.21205391]
 [12.01886389]
 [25.21604079]
 [16.85421066]
 [13.51230867]
 [25.17075968]
 [23.03252388]
 [21.6293048 ]
 [19.63044861]
 [27.33156837]
 [19.25053694]
 [11.14515009]
 [21.59993358]
 [19.11808179]
 [12.01229392]
 [15.11689223]
 [22.49273283]
 [17.33139518]
 [ 1.23262125]
 [25.46636443]
 [20.30751689]
 [13.90264144]
 [22.77543593]
 [13.70107557]
 [ 5.00021853]
 [15.09627472]
 [16.2867614 ]
 [20.8052171 ]
 [17.8329374 ]
 [14.42224732]
 [22.36868999]
 [15.60736627]
 [19.17393433]
 [29.0292026 ]
 [15.18931939]
 [ 9.11776853]
 [17.73077572]
 [19.36297529]
 [13.83485096]
 [14.00974114]]




